100 200
200
72 18
8 75
6 75
68 25
61 87
17 43
24 36
47 24
90 47
42 94
45 63
63 59
13 32
45 69
77 37
90 86
41 1
91 84
20 82
64 4
27 53
15 36
8 42
62 20
78 46
82 75
41 12
55 75
63 72
87 30
74 26
53 45
99 10
84 16
81 23
44 23
9 81
43 68
2 61
73 11
5 39
49 54
21 73
73 18
6 99
43 79
88 19
66 53
90 76
47 36
71 85
90 87
16 88
79 100
97 19
94 97
28 35
42 18
66 60
13 12
97 23
18 77
77 76
71 38
79 93
30 65
39 20
90 30
94 92
98 85
76 11
19 23
6 1
57 65
55 63
37 75
72 78
60 65
0 91
72 27
16 88
34 95
56 14
12 38
92 7
63 93
85 70
32 46
83 35
60 78
37 18
68 23
42 37
92 95
38 57
99 39
11 100
85 51
76 12
45 2
26 46
42 7
88 85
37 77
21 96
15 53
0 52
40 31
72 43
62 18
78 76
56 64
55 91
55 16
62 40
10 100
57 92
59 10
35 19
81 77
98 26
47 17
9 75
50 8
47 0
26 67
14 37
73 97
76 81
39 81
92 75
77 36
48 95
85 20
61 73
46 12
8 96
83 70
47 89
37 31
45 38
12 32
36 34
89 55
0 90
42 26
86 84
18 98
31 26
23 5
47 83
46 52
49 36
27 52
96 34
50 43
55 99
82 9
68 26
76 20
16 99
99 27
70 27
85 20
24 25
59 38
96 38
43 35
94 44
91 28
9 92
86 53
7 96
88 57
51 49
25 51
60 6
65 21
65 24
52 51
82 50
12 20
81 49
95 70
35 12
53 4
57 80
25 3
71 65
89 61
78 63
80 18
99 55
80 44
77 61
13 76
92 2
37 89
51 28
33 18
100 77
16 91
56 48
97 97
78 78
48 25
63 35
23 64
52 23
34 21
22 93
41 67
37 48
26 72
25 67
24 32
60 89
96 91
94 90
5 12
39 96
70 18
5 1
13 75
71 86
86 83
83 72
42 70
64 50
71 11
79 60
76 53
13 22
24 80
64 31
13 94
21 16
82 71
49 18
78 39
93 90
85 50
77 31
86 69
25 53
30 39
22 71
64 60
18 43
34 61
83 60
5 20
65 41
31 58
63 8
40 20
35 76
59 25
100 56
97 37
1 64
68 26
19 24
72 1
3 72
70 64
65 66
30 66
75 36
7 52
1 96
69 85
19 59
67 62
42 73
75 78
21 86
92 77
23 22
89 39
88 65
26 77
96 59
19 83
38 85
70 62
69 100
88 60
53 91
51 51
15 74
3 8
32 38
54 92
28 54
81 69
71 82
18 70
83 51
26 73
45 74
96 91
53 16
52 33
78 87
42 42
39 36
42 16
80 44
85 57
1 14
39 91
52 19
17 62
35 77
71 81
80 96
67 94
65 64
52 30
69 67
6 51
7 54
91 50
77 43
33 66
96 88
67 70
44 67
28 73
79 65
86 56
85 3
34 11
71 97
17 97
35 20
84 33
21 73
70 6
70 21
18 75
64 81
23 91
74 17
82 84
74 45
16 62
63 71
38 60
24 4
48 64
78 46
89 15
48 24
40 67
99 77
65 4
77 84
96 64
65 53
62 55
81 35
53 92
68 20
61 72
63 0
16 83
10 44
71 23
19 21
91 67
17 45
38 49
42 19
100 36
71 73
77 41
81 89
61 45
95 20
83 18
32 33
28 47
99 40
21 64
12 59
75 27
64 30
40 7
14 27
74 83
68 52
50 62
34 81
63 37
50 10
50 7
74 2
11 100
26 2
81 73
93 28
31 58
14 34
81 30
43 98
65 40
12 51
2 55
75 86
100 12
20 25
11 69
92 61
66 83
14 7
12 90
52 48
49 3
99 38
97 92
50 27
49 90
49 86
54 33
20 94
34 10
77 42
27 50
93 21
73 14
94 88
74 41
57 59
44 62
4 57
76 23
20 86
56 100
96 90
70 76
72 70
70 18
1 45
57 48
90 22
92 20
98 87
63 89
21 83
25 28
64 88
35 98
2 25
61 81
57 45
53 25
63 2
17 89
19 5
66 87
24 63
5 15
84 14
100 30
98 9
47 31
96 6
96 15
92 13
23 70
61 79
40 24
91 8
34 10
23 5
25 87
78 2
62 23
90 12
93 53
10 71
73 9
69 62
69 71
15 41
43 37
62 76
24 21
68 83
15 4
35 85
23 32
79 71
35 25
59 3
22 44
34 9
55 69
37 5
33 31
59 28
81 49
68 46
77 21
100 70
70 17
18 12
68 39
44 22
95 69
0 87
99 90
42 42
92 25
82 49
24 1
100 47
43 33
2 76
83 84
81 100
10 37
86 85
44 64
11 19
28 60
72 9
79 18
63 75
71 46
72 95
96 54
84 5
79 75
13 31
35 72
51 34
36 81
14 53
80 62
26 92
60 17
38 10
41 11
15 51
29 2
22 32
16 84
70 68
35 75
69 56
30 20
44 87
62 76
54 38
65 84
79 20
16 16
89 8
41 8
25 15
21 19
59 84
70 14
51 69
5 32
99 49
74 94
65 91
66 75
18 7
69 66
34 49
15 35
62 80
27 78
40 67
83 37
34 63
72 15
68 57
92 34
40 42
4 27
1 92
81 2
85 82
85 23
58 40
79 5
35 67
21 46
99 9
1 52
63 38
35 0
66 4
38 65
44 93
65 62
45 82
19 71
23 75
40 27
59 9
12 50
26 52
92 35
50 92
20 23
11 33
47 5
95 0
32 99
97 76
97 8
33 32
47 58
21 56
91 21
25 81
63 17
6 27
21 14
77 28
38 95
21 73
5 76
85 75
9 58
91 71
19 100
17 14
33 61
0 9
20 15
51 71
25 67
26 59
26 79
16 51
22 19
54 38
89 79
74 35
21 37
40 47
53 18
91 59
68 42
51 44
99 50
51 95
5 3
69 64
3 26
80 36
30 41
37 34
11 40
70 63
65 13
33 94
97 57
57 12
65 12
74 17
80 22
65 61
82 20
76 69
87 6
73 83
15 88
46 73
27 78
47 24
15 90
81 82
43 53
41 47
2 74
14 74
97 80
64 74
100 58
96 97
24 87
58 72
87 47
8 38
33 61
41 98
78 96
83 13
4 39
87 46
41 93
96 79
51 47
48 11
52 48
96 39
85 39
12 34
27 70
51 84
3 49
70 74
30 31
83 50
67 69
44 67
19 35
64 29
25 10
22 98
95 56
93 65
50 26
100 5
51 49
14 49
99 0
80 13
29 7
95 47
3 100
50 37
18 13
75 29
22 15
36 13
100 77
29 88
80 30
72 63
84 20
11 36
60 39
41 45
87 65
23 91
24 84
90 61
91 100
22 21
43 86
29 51
62 69
42 4
72 62
66 63
85 99